0 -5 2 0 2 -1 -1 -1 -1 4 -1 -1 -1 -1 -1 1 3 -1 -1 -1 -1
1 -5 3 0 3 -1 -1 -1 -1 4 -1 -1 -1 -1 -1 0 4 -1 -1 -1 -1
2 -4 0 1 6 -1 -1 -1 -1 1 7 -1 -1 -1 -1 3 7 -1 -1 -1 -1
3 -4 1 1 2 7 -1 -1 -1 1 4 7 -1 -1 -1 0 2 8 -1 -1 -1
4 -4 3 3 4 9 -1 -1 -1 2 4 8 -1 -1 -1 1 5 9 -1 -1 -1
5 -4 4 4 10 -1 -1 -1 -1 2 8 -1 -1 -1 -1 4 10 -1 -1 -1 -1
6 -3 -2 5 12 -1 -1 -1 -1 6 10 -1 -1 -1 -1 7 12 -1 -1 -1 -1
7 -3 -1 5 6 13 -1 -1 -1 7 10 -1 -1 -1 -1 2 6 13 -1 -1 -1
8 -3 1 7 8 15 -1 -1 -1 4 7 11 -1 -1 -1 3 9 14 -1 -1 -1
9 -3 2 8 9 16 -1 -1 -1 4 8 11 -1 -1 -1 4 8 15 -1 -1 -1
10 -3 4 10 11 18 -1 -1 -1 8 12 -1 -1 -1 -1 5 11 16 -1 -1 -1
11 -3 5 11 19 -1 -1 -1 -1 9 12 -1 -1 -1 -1 10 17 -1 -1 -1 -1
12 -2 -3 12 20 -1 -1 -1 -1 6 10 -1 -1 -1 -1 6 18 -1 -1 -1 -1
13 -2 -1 13 14 22 -1 -1 -1 7 10 14 -1 -1 -1 7 14 19 -1 -1 -1
14 -2 0 14 15 23 -1 -1 -1 7 11 14 -1 -1 -1 8 13 20 -1 -1 -1
15 -2 2 16 17 25 -1 -1 -1 8 11 15 -1 -1 -1 9 16 21 -1 -1 -1
16 -2 3 17 18 26 -1 -1 -1 8 12 15 -1 -1 -1 10 15 22 -1 -1 -1
17 -2 5 19 28 -1 -1 -1 -1 9 12 -1 -1 -1 -1 11 23 -1 -1 -1 -1
18 -1 -3 20 21 29 -1 -1 -1 10 17 -1 -1 -1 -1 12 19 24 -1 -1 -1
19 -1 -2 21 22 30 -1 -1 -1 10 14 17 -1 -1 -1 13 18 25 -1 -1 -1
20 -1 0 23 24 32 -1 -1 -1 11 14 18 -1 -1 -1 14 21 26 -1 -1 -1
21 -1 1 24 25 33 -1 -1 -1 11 15 18 -1 -1 -1 15 20 27 -1 -1 -1
22 -1 3 26 27 35 -1 -1 -1 12 15 19 -1 -1 -1 16 23 28 -1 -1 -1
23 -1 4 27 28 36 -1 -1 -1 12 19 -1 -1 -1 -1 17 22 29 -1 -1 -1
24 0 -4 29 37 -1 -1 -1 -1 17 20 -1 -1 -1 -1 18 30 -1 -1 -1 -1
25 0 -2 30 31 39 -1 -1 -1 14 17 21 -1 -1 -1 19 26 31 -1 -1 -1
26 0 -1 31 32 40 -1 -1 -1 14 18 21 -1 -1 -1 20 25 32 -1 -1 -1
27 0 1 33 34 42 -1 -1 -1 15 18 22 -1 -1 -1 21 28 33 -1 -1 -1
28 0 2 34 35 43 -1 -1 -1 15 19 22 -1 -1 -1 22 27 34 -1 -1 -1
29 0 4 36 45 -1 -1 -1 -1 19 23 -1 -1 -1 -1 23 35 -1 -1 -1 -1
30 1 -4 37 38 46 -1 -1 -1 17 20 24 -1 -1 -1 24 31 36 -1 -1 -1
31 1 -3 38 39 47 -1 -1 -1 17 21 24 -1 -1 -1 25 30 37 -1 -1 -1
32 1 -1 40 41 49 -1 -1 -1 18 21 25 -1 -1 -1 26 33 38 -1 -1 -1
33 1 0 41 42 50 -1 -1 -1 18 22 25 -1 -1 -1 27 32 39 -1 -1 -1
34 1 2 43 44 52 -1 -1 -1 19 22 26 -1 -1 -1 28 35 40 -1 -1 -1
35 1 3 44 45 53 -1 -1 -1 19 23 26 -1 -1 -1 29 34 41 -1 -1 -1
36 2 -5 46 54 -1 -1 -1 -1 24 -1 -1 -1 -1 -1 30 42 -1 -1 -1 -1
37 2 -3 47 48 56 -1 -1 -1 21 24 28 -1 -1 -1 31 38 43 -1 -1 -1
38 2 -2 48 49 57 -1 -1 -1 21 25 28 -1 -1 -1 32 37 44 -1 -1 -1
39 2 0 50 51 59 -1 -1 -1 22 25 29 -1 -1 -1 33 40 45 -1 -1 -1
40 2 1 51 52 60 -1 -1 -1 22 26 29 -1 -1 -1 34 39 46 -1 -1 -1
41 2 3 53 62 -1 -1 -1 -1 26 -1 -1 -1 -1 -1 35 47 -1 -1 -1 -1
42 3 -5 54 55 -1 -1 -1 -1 24 -1 -1 -1 -1 -1 36 43 -1 -1 -1 -1
43 3 -4 55 56 63 -1 -1 -1 24 28 31 -1 -1 -1 37 42 48 -1 -1 -1
44 3 -2 57 58 65 -1 -1 -1 25 28 32 -1 -1 -1 38 45 49 -1 -1 -1
45 3 -1 58 59 66 -1 -1 -1 25 29 32 -1 -1 -1 39 44 50 -1 -1 -1
46 3 1 60 61 68 -1 -1 -1 26 29 33 -1 -1 -1 40 47 51 -1 -1 -1
47 3 2 61 62 -1 -1 -1 -1 26 -1 -1 -1 -1 -1 41 46 -1 -1 -1 -1
48 4 -4 63 64 -1 -1 -1 -1 28 31 -1 -1 -1 -1 43 49 -1 -1 -1 -1
49 4 -3 64 65 69 -1 -1 -1 28 32 -1 -1 -1 -1 44 48 52 -1 -1 -1
50 4 -1 66 67 71 -1 -1 -1 29 32 -1 -1 -1 -1 45 51 53 -1 -1 -1
51 4 0 67 68 -1 -1 -1 -1 29 33 -1 -1 -1 -1 46 50 -1 -1 -1 -1
52 5 -3 69 70 -1 -1 -1 -1 32 36 -1 -1 -1 -1 49 53 -1 -1 -1 -1
53 5 -2 70 71 -1 -1 -1 -1 32 36 -1 -1 -1 -1 50 52 -1 -1 -1 -1