0 -6 3 s -1 -1 -1 -1 -1 -1 -1 -1 -1 -1 -1 -1 1 2 4 -1 -1 -1
1 -5 1 p 2 3 -1 -1 -1 -1 1 -1 -1 -1 -1 -1 0 3 4 7 -1 -1
2 -5 4 p 4 5 -1 -1 -1 -1 4 -1 -1 -1 -1 -1 0 4 5 8 -1 -1
3 -4 -1 s -1 -1 -1 -1 -1 -1 -1 -1 -1 -1 -1 -1 1 6 7 10 -1 -1
4 -4 2 r 9 4 1 0 3 8 0 2 3 7 8 9 0 1 2 7 8 11
5 -4 5 s -1 -1 -1 -1 -1 -1 -1 -1 -1 -1 -1 -1 2 8 9 12 -1 -1
6 -3 -3 p 6 12 -1 -1 -1 -1 12 -1 -1 -1 -1 -1 3 10 13 -1 -1 -1
7 -3 0 r 14 8 3 2 7 13 1 6 7 13 14 15 1 3 4 10 11 14
8 -3 3 r 16 10 5 4 9 15 4 9 10 16 17 18 2 4 5 11 12 15
9 -3 6 p 11 17 -1 -1 -1 -1 19 -1 -1 -1 -1 -1 5 12 16 -1 -1 -1
10 -2 -2 r 19 13 7 6 12 18 5 12 13 20 21 22 3 6 7 13 14 17
11 -2 1 r 21 15 9 8 14 20 8 15 16 23 24 25 4 7 8 14 15 18
12 -2 4 r 23 17 11 10 16 22 11 18 19 26 27 28 5 8 9 15 16 19
13 -1 -4 s -1 -1 -1 -1 -1 -1 -1 -1 -1 -1 -1 -1 6 10 17 20 -1 -1
14 -1 -1 r 26 20 14 13 19 25 14 22 23 30 31 32 7 10 11 17 18 21
15 -1 2 r 28 22 16 15 21 27 17 25 26 33 34 35 8 11 12 18 19 22
16 -1 5 s -1 -1 -1 -1 -1 -1 -1 -1 -1 -1 -1 -1 9 12 19 23 -1 -1
17 0 -3 r 31 25 19 18 24 30 21 29 30 37 38 39 10 13 14 20 21 24
18 0 0 r 33 27 21 20 26 32 24 32 33 40 41 42 11 14 15 21 22 25
19 0 3 r 35 29 23 22 28 34 27 35 36 43 44 45 12 15 16 22 23 26
20 1 -5 p 24 30 -1 -1 -1 -1 37 -1 -1 -1 -1 -1 13 17 24 27 -1 -1
21 1 -2 r 38 32 26 25 31 37 31 39 40 47 48 49 14 17 18 24 25 28
22 1 1 r 40 34 28 27 33 39 34 42 43 50 51 52 15 18 19 25 26 29
23 1 4 p 29 35 -1 -1 -1 -1 45 -1 -1 -1 -1 -1 16 19 26 30 -1 -1
24 2 -4 r 43 37 31 30 36 42 38 46 47 54 55 56 17 20 21 27 28 31
25 2 -1 r 45 39 33 32 38 44 41 49 50 57 58 59 18 21 22 28 29 32
26 2 2 r 47 41 35 34 40 46 44 52 53 60 61 62 19 22 23 29 30 33
27 3 -6 s -1 -1 -1 -1 -1 -1 -1 -1 -1 -1 -1 -1 20 24 31 -1 -1 -1
28 3 -3 r 49 44 38 37 43 48 48 56 57 63 64 65 21 24 25 31 32 34
29 3 0 r 51 46 40 39 45 50 51 59 60 66 67 68 22 25 26 32 33 35
30 3 3 s -1 -1 -1 -1 -1 -1 -1 -1 -1 -1 -1 -1 23 26 33 -1 -1 -1
31 4 -5 p 43 48 -1 -1 -1 -1 63 -1 -1 -1 -1 -1 24 27 28 34 -1 -1
32 4 -2 r 53 50 45 44 49 52 58 65 66 69 70 71 25 28 29 34 35 36
33 4 1 p 46 51 -1 -1 -1 -1 68 -1 -1 -1 -1 -1 26 29 30 35 -1 -1
34 5 -4 s -1 -1 -1 -1 -1 -1 -1 -1 -1 -1 -1 -1 28 31 32 36 -1 -1
35 5 -1 s -1 -1 -1 -1 -1 -1 -1 -1 -1 -1 -1 -1 29 32 33 36 -1 -1
36 6 -3 p 52 53 -1 -1 -1 -1 70 -1 -1 -1 -1 -1 32 34 35 -1 -1 -1