0 -5 2 -5 3 0 1 -1 -1 -1 -1 -1 -1 4 -1 -1 -1 -1 -1
1 -4 0 -4 1 2 3 -1 -1 -1 -1 -1 -1 1 7 -1 -1 -1 -1
2 -4 1 -5 2 3 0 -1 -1 -1 -1 -1 -1 4 -1 -1 -1 -1 -1
3 -4 3 -5 3 4 1 -1 -1 -1 -1 -1 -1 4 -1 -1 -1 -1 -1
4 -4 3 -4 4 4 5 -1 -1 -1 -1 -1 -1 2 8 -1 -1 -1 -1
5 -3 -2 -3 -1 6 7 -1 -1 -1 -1 -1 -1 10 -1 -1 -1 -1 -1
6 -3 -1 -4 0 7 2 -1 -1 -1 -1 -1 -1 7 -1 -1 -1 -1 -1
7 -3 1 -4 1 8 3 -1 -1 -1 -1 -1 -1 4 7 -1 -1 -1 -1
8 -3 1 -3 2 8 9 -1 -1 -1 -1 -1 -1 4 11 -1 -1 -1 -1
9 -3 2 -4 3 9 4 -1 -1 -1 -1 -1 -1 4 8 -1 -1 -1 -1
10 -3 4 -4 4 10 5 -1 -1 -1 -1 -1 -1 8 -1 -1 -1 -1 -1
11 -3 4 -3 5 10 11 -1 -1 -1 -1 -1 -1 12 -1 -1 -1 -1 -1
12 -2 -3 -3 -2 12 6 -1 -1 -1 -1 -1 -1 6 10 -1 -1 -1 -1
13 -2 -1 -3 -1 13 7 -1 -1 -1 -1 -1 -1 7 10 -1 -1 -1 -1
14 -2 -1 -2 0 13 14 -1 -1 -1 -1 -1 -1 7 14 -1 -1 -1 -1
15 -2 0 -3 1 14 8 -1 -1 -1 -1 -1 -1 7 11 -1 -1 -1 -1
16 -2 2 -3 2 15 9 -1 -1 -1 -1 -1 -1 8 11 -1 -1 -1 -1
17 -2 2 -2 3 15 16 -1 -1 -1 -1 -1 -1 8 15 -1 -1 -1 -1
18 -2 3 -3 4 16 10 -1 -1 -1 -1 -1 -1 8 12 -1 -1 -1 -1
19 -2 5 -3 5 17 11 -1 -1 -1 -1 -1 -1 9 12 -1 -1 -1 -1
20 -1 -3 -2 -3 18 12 -1 -1 -1 -1 -1 -1 10 -1 -1 -1 -1 -1
21 -1 -3 -1 -2 18 19 -1 -1 -1 -1 -1 -1 10 17 -1 -1 -1 -1
22 -1 -2 -2 -1 19 13 -1 -1 -1 -1 -1 -1 10 14 -1 -1 -1 -1
23 -1 0 -2 0 20 14 -1 -1 -1 -1 -1 -1 11 14 -1 -1 -1 -1
24 -1 0 -1 1 20 21 -1 -1 -1 -1 -1 -1 11 18 -1 -1 -1 -1
25 -1 1 -2 2 21 15 -1 -1 -1 -1 -1 -1 11 15 -1 -1 -1 -1
26 -1 3 -2 3 22 16 -1 -1 -1 -1 -1 -1 12 15 -1 -1 -1 -1
27 -1 3 -1 4 22 23 -1 -1 -1 -1 -1 -1 12 19 -1 -1 -1 -1
28 -1 4 -2 5 23 17 -1 -1 -1 -1 -1 -1 12 -1 -1 -1 -1 -1
29 0 -4 -1 -3 24 18 -1 -1 -1 -1 -1 -1 17 -1 -1 -1 -1 -1
30 0 -2 -1 -2 25 19 -1 -1 -1 -1 -1 -1 14 17 -1 -1 -1 -1
31 0 -2 0 -1 25 26 -1 -1 -1 -1 -1 -1 14 21 -1 -1 -1 -1
32 0 -1 -1 0 26 20 -1 -1 -1 -1 -1 -1 14 18 -1 -1 -1 -1
33 0 1 -1 1 27 21 -1 -1 -1 -1 -1 -1 15 18 -1 -1 -1 -1
34 0 1 0 2 27 28 -1 -1 -1 -1 -1 -1 15 22 -1 -1 -1 -1
35 0 2 -1 3 28 22 -1 -1 -1 -1 -1 -1 15 19 -1 -1 -1 -1
36 0 4 -1 4 29 23 -1 -1 -1 -1 -1 -1 19 -1 -1 -1 -1 -1
37 1 -4 0 -4 30 24 -1 -1 -1 -1 -1 -1 17 20 -1 -1 -1 -1
38 1 -4 1 -3 30 31 -1 -1 -1 -1 -1 -1 17 24 -1 -1 -1 -1
39 1 -3 0 -2 31 25 -1 -1 -1 -1 -1 -1 17 21 -1 -1 -1 -1
40 1 -1 0 -1 32 26 -1 -1 -1 -1 -1 -1 18 21 -1 -1 -1 -1
41 1 -1 1 0 32 33 -1 -1 -1 -1 -1 -1 18 25 -1 -1 -1 -1
42 1 0 0 1 33 27 -1 -1 -1 -1 -1 -1 18 22 -1 -1 -1 -1
43 1 2 0 2 34 28 -1 -1 -1 -1 -1 -1 19 22 -1 -1 -1 -1
44 1 2 1 3 34 35 -1 -1 -1 -1 -1 -1 19 26 -1 -1 -1 -1
45 1 3 0 4 35 29 -1 -1 -1 -1 -1 -1 19 23 -1 -1 -1 -1
46 2 -5 1 -4 36 30 -1 -1 -1 -1 -1 -1 24 -1 -1 -1 -1 -1
47 2 -3 1 -3 37 31 -1 -1 -1 -1 -1 -1 21 24 -1 -1 -1 -1
48 2 -3 2 -2 37 38 -1 -1 -1 -1 -1 -1 21 28 -1 -1 -1 -1
49 2 -2 1 -1 38 32 -1 -1 -1 -1 -1 -1 21 25 -1 -1 -1 -1
50 2 0 1 0 39 33 -1 -1 -1 -1 -1 -1 22 25 -1 -1 -1 -1
51 2 0 2 1 39 40 -1 -1 -1 -1 -1 -1 22 29 -1 -1 -1 -1
52 2 1 1 2 40 34 -1 -1 -1 -1 -1 -1 22 26 -1 -1 -1 -1
53 2 3 1 3 41 35 -1 -1 -1 -1 -1 -1 26 -1 -1 -1 -1 -1
54 3 -5 2 -5 42 36 -1 -1 -1 -1 -1 -1 24 -1 -1 -1 -1 -1
55 3 -5 3 -4 42 43 -1 -1 -1 -1 -1 -1 24 -1 -1 -1 -1 -1
56 3 -4 2 -3 43 37 -1 -1 -1 -1 -1 -1 24 28 -1 -1 -1 -1
57 3 -2 2 -2 44 38 -1 -1 -1 -1 -1 -1 25 28 -1 -1 -1 -1
58 3 -2 3 -1 44 45 -1 -1 -1 -1 -1 -1 25 32 -1 -1 -1 -1
59 3 -1 2 0 45 39 -1 -1 -1 -1 -1 -1 25 29 -1 -1 -1 -1
60 3 1 2 1 46 40 -1 -1 -1 -1 -1 -1 26 29 -1 -1 -1 -1
61 3 1 3 2 46 47 -1 -1 -1 -1 -1 -1 26 -1 -1 -1 -1 -1
62 3 2 2 3 47 41 -1 -1 -1 -1 -1 -1 26 -1 -1 -1 -1 -1
63 4 -4 3 -4 48 43 -1 -1 -1 -1 -1 -1 28 31 -1 -1 -1 -1
64 4 -4 4 -3 48 49 -1 -1 -1 -1 -1 -1 28 -1 -1 -1 -1 -1
65 4 -3 3 -2 49 44 -1 -1 -1 -1 -1 -1 28 32 -1 -1 -1 -1
66 4 -1 3 -1 50 45 -1 -1 -1 -1 -1 -1 29 32 -1 -1 -1 -1
67 4 -1 4 0 50 51 -1 -1 -1 -1 -1 -1 29 -1 -1 -1 -1 -1
68 4 0 3 1 51 46 -1 -1 -1 -1 -1 -1 29 33 -1 -1 -1 -1
69 5 -3 4 -3 52 49 -1 -1 -1 -1 -1 -1 32 -1 -1 -1 -1 -1
70 5 -3 5 -2 52 53 -1 -1 -1 -1 -1 -1 32 36 -1 -1 -1 -1
71 5 -2 4 -1 53 50 -1 -1 -1 -1 -1 -1 32 -1 -1 -1 -1 -1